183 50 0 49
20 24 4 4 4 10

Coordinates
1            0           10           40
2            0           10           30
3            0            0           40
4           10           10           40
5           10            0           40
6           10           10           30
7            0            0           30
8           10            0           30
9            0           10           20
10           10           10           20
11            0            0           20
12           10            0           20
13            0           10           10
14            0            0           10
15           10           10           10
16           10            0           10
17            0           10            0
18            0            0            0
19           10           10            0
20           10            0            0
EndCoordinates

Elements
1 17 18 20 16
2 8 12 7 6
3 10 2 9 11
4 9 10 11 13
5 7 11 2 6
6 2 7 6 3
7 5 6 8 3
8 14 18 17 16
9 12 15 16 14
10 15 16 14 17
11 10 13 15 12
12 7 8 6 3
13 17 13 14 15
14 13 14 15 12
15 20 16 19 17
16 3 4 5 6
17 19 15 17 16
18 11 7 12 6
19 4 1 6 3
20 14 13 11 12
21 2 10 6 11
22 1 3 2 6
23 12 6 10 11
24 10 12 11 13
EndElements

Dirichlet_x
1            0
3            0
4            0
5            0
EndDirichlet

Dirichlet_y
1            0
3            0
4            0
5            0
EndDirichlet

Dirichlet_z
1            0
3            0
4            0
5            0
EndDirichlet

Neumann
1           25
2           25
4           25
6           25
9           25
10           25
13           25
15           25
17           25
19           25
EndNeumann
